463.839769 2
572.641690 2
706.965049 1
785.516721 1
872.796357 1
969.773730 1
1077.526366 1
1197.251518 1
1330.279465 1
1478.088294 1
1642.320327 1
1824.800363 1
2027.555959 2
1642.320327 2
1330.279465 2
1197.251518 3
1077.526366 2
572.641690 1
636.268544 1
706.965049 2
375.710213 2
338.139191 3
304.325272 3
131.002051 1
145.557834 1
161.730927 2
145.557834 3
131.002051 3
106.111661 2
95.500495 3
85.950446 3
77.355401 3
69.619861 2
62.657875 3
56.392087 3
50.752879 3
45.677591 3
41.109832 3
36.998849 3
3.643539 1
4.048377 1
4.498196 2
2.390526 1
2.656140 1
2.951267 2
0.235412 1
0.261569 1
0.290632 1
0.322925 1
0.358805 1
0.398672 1
0.442969 2
0.398672 3
0.358805 3
0.322925 3
0.290632 3
0.235412 2
0.001213 1
0.001348 1
0.001498 1
0.001664 1
0.001849 1
0.002055 1
0.002283 2
0.002818 2
0.002537 3
0.002283 3
0.002818 1
0.003132 1
0.003480 1
0.003866 1
0.004296 2
0.003866 3
0.003480 2
0.002818 2
0.000182 1
0.000202 1
0.000225 1
0.000250 1
0.000278 1
0.000308 1
0.000343 2
515.377521 2
636.268544 2
1330.279465 2
1478.088294 0
2252.839954 2
1824.800363 2
1478.088294 2
1197.251518 2
785.516721 2
417.455792 2
179.701030 2
117.901846 2
95.500495 2
77.355401 2
50.752879 0
41.109832 0
33.298964 0
4.997996 2
2.151473 0
3.279185 2
0.261569 2
0.492188 2
0.322925 0
0.261569 2
0.001348 0
0.001664 0
0.002537 2
0.003132 2
0.004773 2
0.003866 2
0.003132 2
0.000381 2
572.641690 1
636.268544 1
706.965049 1
785.516721 1
872.796357 1
969.773730 1
1077.526366 1
1197.251518 1
1330.279465 1
1478.088294 1
1642.320327 2
1330.279465 0
2503.155505 2
2252.839954 3
2027.555959 3
1642.320327 2
1478.088294 3
1330.279465 3
1197.251518 3
1077.526366 3
969.773730 3
872.796357 3
463.839769 2
375.710213 2
161.730927 1
179.701030 1
199.667811 2
106.111661 1
117.901846 1
131.002051 2
117.901846 3
106.111661 3
95.500495 3
85.950446 3
45.677591 0
41.109832 3
36.998849 3
29.969067 0
4.498196 1
4.997996 1
5.553329 2
1.936326 0
3.643539 2
0.290632 1
0.322925 1
0.358805 1
0.398672 1
0.442969 1
0.492188 1
0.546876 2
0.290632 0
0.358805 2
0.322925 3
0.290632 3
0.000983 1
0.001092 1
0.001213 0
0.001498 0
0.002818 2
0.003480 2
0.004296 1
0.004773 1
0.005303 2
0.006547 2
0.005303 2
0.004773 3
0.004296 3
0.003866 3
0.003480 3
0.002818 2
0.002537 3
0.002283 3
0.002055 3
0.001849 3
0.000423 2
636.268544 0
785.516721 0
1824.800363 2
2781.283894 2
1824.800363 2
785.516721 0
515.377521 2
417.455792 2
221.853123 2
145.557834 2
26.972161 0
6.170365 2
3.643539 1
4.048377 2
0.607640 2
0.398672 2
0.261569 0
0.000884 0
0.003132 2
0.003866 2
0.004773 2
0.005893 2
0.007275 2
0.005893 2
0.003132 2
0.002055 0
0.000470 2
31381.059609 2
572.641690 0
706.965049 0
1330.279465 2
1642.320327 1
1824.800363 1
2027.555959 2
2503.155505 1
2781.283894 1
3090.315438 2
2781.283894 3
2503.155505 3
2252.839954 3
2027.555959 3
463.839769 1
515.377521 1
572.641690 1
636.268544 1
706.965049 0
636.268544 3
572.641690 3
515.377521 3
463.839769 3
304.325272 2
273.892745 3
246.503470 3
221.853123 3
199.667811 3
179.701030 3
161.730927 3
145.557834 3
131.002051 3
117.901846 3
106.111661 3
24.274945 2
19.662705 1
21.847450 1
24.274945 0
5.553329 2
6.855961 2
6.170365 3
5.553329 3
4.498196 2
0.358805 2
0.442969 2
0.546876 2
0.675155 2
0.546876 2
0.492188 3
0.442969 3
0.235412 0
0.000796 0
0.002283 1
0.002537 1
0.002818 1
0.003132 1
0.003480 1
0.003866 1
0.004296 2
0.005303 2
0.006547 1
0.007275 1
0.008083 2
0.007275 3
0.006547 3
0.005893 3
0.005303 3
0.004773 3
0.004296 3
0.003866 3
0.003480 3
0.001849 0
0.000423 1
0.000470 1
0.000522 2
34867.844010 2
1478.088294 2
2252.839954 2
3433.683820 2
375.710213 1
417.455792 0
636.268544 0
515.377521 0
417.455792 0
375.710213 3
338.139191 3
221.853123 0
145.557834 0
117.901846 0
26.972161 2
21.847450 0
6.170365 2
7.617735 2
4.997996 2
0.398672 2
0.492188 2
0.607640 2
0.750172 2
0.607640 2
0.002055 0
0.002537 0
0.004773 2
0.005893 2
0.008981 2
0.005893 0
0.000580 2
38742.048900 1
43046.721000 1
47829.690000 2
1330.279465 1
1478.088294 1
1642.320327 1
1824.800363 1
2027.555959 1
2252.839954 1
2503.155505 1
2781.283894 1
3090.315438 1
3433.683820 1
3815.204245 2
3433.683820 3
3090.315438 3
2781.283894 3
2503.155505 3
375.710213 0
417.455792 1
463.839769 1
515.377521 1
572.641690 0
515.377521 3
463.839769 0
417.455792 3
375.710213 3
304.325272 0
199.667811 0
131.002051 2
131.002051 0
117.901846 3
106.111661 0
24.274945 1
26.972161 1
29.969067 2
26.972161 3
24.274945 3
19.662705 0
6.855961 1
7.617735 1
8.464150 2
6.855961 2
6.170365 3
5.553329 3
0.442969 1
0.492188 1
0.546876 1
0.607640 1
0.675155 2
0.833525 2
0.750172 3
0.675155 3
0.235412 2
0.290632 2
0.261569 3
0.235412 3
0.001849 1
0.002055 1
0.002283 0
0.004296 2
0.005303 2
0.006547 1
0.007275 1
0.008083 2
0.009979 2
0.005303 0
0.004773 3
0.004296 3
0.008083 2
0.004296 2
0.005303 2
0.000522 2
0.000645 2
53144.100000 2
4239.115828 2
338.139191 0
179.701030 0
145.557834 2
95.500495 0
33.298964 2
17.696435 0
9.404611 2
7.617735 2
0.750172 2
0.926139 2
0.261569 2
0.322925 2
0.004773 2
0.005893 2
0.008981 2
0.011088 2
0.008981 2
0.004773 2
0.005893 2
0.000580 2
0.000716 2
47829.690000 1
53144.100000 1
59049.000000 2
72900.000000 2
65610.000000 3
59049.000000 3
5814.973700 1
6461.081889 1
7178.979877 2
5814.973700 2
4710.128697 2
1642.320327 1
1824.800363 1
2027.555959 2
85.950446 2
106.111661 1
117.901846 1
131.002051 2
246.503470 1
273.892745 1
304.325272 0
161.730927 2
145.557834 3
161.730927 0
161.730927 2
145.557834 3
131.002051 3
85.950446 0
29.969067 1
33.298964 1
36.998849 2
12.900701 1
14.334112 1
15.926791 0
14.334112 3
12.900701 3
11.610631 3
10.449568 3
9.404611 3
8.464150 3
7.617735 3
6.855961 3
0.546876 1
0.607640 1
0.675155 1
0.750172 1
0.833525 1
0.926139 1
1.029043 2
0.833525 2
0.290632 2
0.358805 2
0.322925 3
0.290632 3
0.003480 1
0.003866 1
0.004296 1
0.004773 1
0.005303 2
0.006547 2
0.005893 3
0.005303 3
0.009979 2
0.012320 2
0.015210 2
0.012320 2
0.011088 3
0.009979 3
0.005303 1
0.005893 1
0.006547 2
0.000645 1
0.000716 1
0.000796 2
65610.000000 2
81000.000000 2
7976.644308 2
6461.081889 2
5233.476330 2
2252.839954 2
95.500495 2
145.557834 2
273.892745 0
179.701030 2
179.701030 2
69.619861 1
77.355401 0
41.109832 2
14.334112 0
9.404611 2
1.143381 2
0.926139 2
0.322925 2
0.398672 2
0.003480 1
0.003866 2
0.005893 2
0.007275 2
0.011088 2
0.013689 2
0.016900 2
0.013689 2
0.007275 2
0.000884 2
59049.000000 1
65610.000000 1
72900.000000 1
81000.000000 1
90000.000000 2
13508.517177 2
12157.665459 3
10941.898913 3
9847.709022 3
8862.938120 3
7976.644308 3
7178.979877 3
6461.081889 3
5814.973700 3
3090.315438 2
2781.283894 3
2503.155505 3
106.111661 1
117.901846 1
131.002051 1
145.557834 1
161.730927 1
179.701030 1
199.667811 1
221.853123 1
246.503470 0
221.853123 3
199.667811 1
221.853123 1
246.503470 2
221.853123 3
199.667811 3
179.701030 3
161.730927 3
69.619861 0
62.657875 3
56.392087 3
50.752879 3
45.677591 3
19.662705 2
12.900701 0
11.610631 3
10.449568 3
9.404611 1
10.449568 2
9.404611 3
8.464150 3
0.546876 2
0.675155 1
0.750172 1
0.833525 1
0.926139 1
1.029043 1
1.143381 1
1.270423 2
1.143381 3
1.029043 3
0.358805 1
0.398672 1
0.442969 2
0.235412 2
0.004296 1
0.004773 1
0.005303 1
0.005893 1
0.006547 2
0.008083 2
0.009979 1
0.011088 1
0.012320 1
0.013689 1
0.015210 2
0.018778 2
0.016900 3
0.015210 2
0.013689 3
0.012320 3
0.011088 3
0.009979 3
0.008981 3
0.008083 3
0.000796 1
0.000884 1
0.000983 2
53144.100000 0
65610.000000 0
100000.000000 2
15009.463530 2
5233.476330 0
3433.683820 2
145.557834 0
179.701030 0
273.892745 2
179.701030 0
145.557834 0
41.109832 2
21.847450 2
11.610631 2
0.607640 2
0.926139 2
1.411582 2
0.926139 0
0.492188 2
0.261569 2
0.007275 2
0.008981 2
0.016900 2
0.020864 2
0.016900 2
0.001092 2
47829.690000 0
59049.000000 0
0.000000 1
16677.181700 2
15009.463530 3
13508.517177 3
2027.555959 2
2252.839954 1
2503.155505 2
4710.128697 0
3815.204245 2
3433.683820 3
3090.315438 3
1077.526366 1
1197.251518 1
1330.279465 2
131.002051 0
106.111661 1
117.901846 1
131.002051 1
145.557834 1
161.730927 0
304.325272 2
161.730927 0
131.002051 0
117.901846 3
106.111661 3
56.392087 2
45.677591 2
24.274945 2
12.900701 1
14.334112 1
15.926791 2
12.900701 2
11.610631 3
10.449568 3
0.675155 1
0.750172 1
0.833525 2
1.029043 1
1.143381 1
1.270423 1
1.411582 1
1.568424 2
0.833525 0
0.750172 3
0.675155 3
0.607640 3
0.546876 3
0.290632 2
0.003480 1
0.003866 1
0.004296 2
0.008083 1
0.008981 1
0.009979 1
0.011088 1
0.012320 1
0.013689 1
0.015210 1
0.016900 1
0.018778 1
0.020864 1
0.023183 2
0.020864 3
0.018778 3
0.009979 2
0.008083 2
0.001213 1
0.001348 1
0.001498 2
0.001213 2
53144.100000 0
18530.201889 2
2252.839954 2
2781.283894 2
4239.115828 0
4239.115828 2
1478.088294 2
338.139191 2
95.500495 0
62.657875 2
50.752879 2
26.972161 2
17.696435 2
14.334112 2
0.926139 2
1.742693 2
0.492188 0
0.322925 2
0.004773 2
0.007275 0
0.008981 0
0.011088 0
0.025759 2
0.011088 2
0.008981 2
0.001664 2
0.001348 2
16677.181700 2
47829.690000 0
43046.721000 3
38742.048900 3
20589.113209 2
16677.181700 2
2503.155505 1
2781.283894 1
3090.315438 1
3433.683820 1
3815.204245 1
4239.115828 1
4710.128697 2
4239.115828 3
3815.204245 3
2027.555959 2
1824.800363 3
1642.320327 3
1478.088294 3
1330.279465 3
1197.251518 3
1077.526366 3
969.773730 3
872.796357 3
785.516721 3
706.965049 3
375.710213 2
56.392087 1
62.657875 1
69.619861 1
77.355401 1
85.950446 0
77.355401 3
69.619861 3
62.657875 3
56.392087 3
29.969067 2
26.972161 3
24.274945 3
21.847450 3
19.662705 3
17.696435 3
15.926791 3
10.449568 2
9.404611 3
8.464150 3
1.029043 1
1.143381 1
1.270423 1
1.411582 1
1.568424 1
1.742693 1
1.936326 2
1.568424 2
1.411582 3
1.270423 2
0.442969 0
0.398672 3
0.358805 3
0.190684 2
0.005303 1
0.005893 1
0.006547 1
0.007275 1
0.008083 0
0.008981 1
0.009979 0
0.028621 1
0.031801 1
0.035334 2
0.028621 2
0.023183 2
0.012320 2
0.011088 3
0.009979 3
0.008981 3
0.008083 3
0.001849 2
0.001664 3
0.001498 3
18530.201889 2
43046.721000 0
34867.844010 0
22876.792455 2
18530.201889 2
4239.115828 2
5233.476330 2
2252.839954 2
1478.088294 2
785.516721 0
636.268544 0
417.455792 2
375.710213 3
50.752879 0
33.298964 2
14.334112 0
12.900701 3
11.610631 3
2.151473 2
1.742693 2
1.411582 2
0.322925 0
0.211871 2
0.008981 0
0.039260 2
0.031801 2
0.025759 2
0.013689 2
0.008083 0
0.002055 2
20589.113209 2
38742.048900 0
31381.059609 0
28242.953648 3
25418.658283 3
22876.792455 3
20589.113209 3
18530.201889 3
16677.181700 3
3815.204245 1
4239.115828 1
4710.128697 1
5233.476330 1
5814.973700 2
5233.476330 3
4710.128697 3
2503.155505 2
2252.839954 3
2027.555959 3
1824.800363 3
1642.320327 3
572.641690 1
636.268544 1
706.965049 0
636.268544 3
572.641690 3
515.377521 3
463.839769 3
199.667811 2
24.274945 1
26.972161 1
29.969067 1
33.298964 1
36.998849 1
41.109832 1
45.677591 0
41.109832 3
36.998849 3
5.553329 2
10.449568 1
11.610631 1
12.900701 0
10.449568 0
9.404611 3
8.464150 3
4.498196 2
3.643539 2
2.951267 2
2.656140 3
2.390526 3
2.151473 3
1.936326 3
1.742693 3
1.568424 3
0.235412 1
0.261569 1
0.290632 0
0.261569 3
0.235412 3
0.211871 3
0.190684 3
0.171615 3
0.154454 3
0.139008 3
0.125108 3
0.008083 0
0.053855 2
0.048469 3
0.043622 3
0.039260 3
0.035334 3
0.031801 3
0.028621 3
0.015210 2
0.013689 3
0.012320 3
0.001849 1
0.002055 1
0.002283 2
0.002055 3
0.001849 2
22876.792455 2
34867.844010 0
22876.792455 0
15009.463530 0
6461.081889 2
2781.283894 2
1478.088294 0
1330.279465 3
515.377521 0
221.853123 2
26.972161 0
41.109832 0
33.298964 0
6.170365 2
9.404611 0
11.610631 0
9.404611 0
4.997996 2
4.048377 2
3.279185 2
1.742693 0
0.211871 0
0.171615 0
0.139008 0
0.112597 0
0.059839 2
0.025759 0
0.016900 2
0.003480 2
0.002537 2
0.002055 2
25418.658283 1
28242.953648 1
31381.059609 0
28242.953648 3
25418.658283 3
20589.113209 0
10941.898913 2
13508.517177 0
12157.665459 3
10941.898913 3
9847.709022 3
8862.938120 3
7976.644308 3
7178.979877 3
3815.204245 2
3433.683820 3
3090.315438 3
2781.283894 3
2503.155505 3
1330.279465 0
706.965049 2
572.641690 2
463.839769 0
199.667811 1
221.853123 1
246.503470 2
221.853123 3
199.667811 3
24.274945 0
19.662705 2
36.998849 0
29.969067 0
6.855961 1
7.617735 1
8.464150 0
9.404611 1
10.449568 0
9.404611 3
8.464150 0
7.617735 3
6.855961 3
6.170365 3
5.553329 3
4.997996 3
4.498196 3
4.048377 3
3.643539 3
3.279185 3
2.951267 3
1.568424 0
0.675155 2
0.101337 1
0.112597 1
0.125108 2
0.190684 0
0.154454 0
0.125108 0
0.101337 0
0.091203 3
0.082083 3
0.073875 3
0.066487 3
0.009979 2
0.018778 1
0.020864 1
0.023183 0
0.020864 3
0.018778 3
0.004296 2
0.003866 3
0.003480 3
0.002818 2
0.002537 3
0.002283 3
22876.792455 0
22876.792455 0
18530.201889 0
12157.665459 2
7976.644308 0
4239.115828 2
1197.251518 0
785.516721 2
706.965049 3
636.268544 3
417.455792 0
273.892745 2
21.847450 0
21.847450 2
33.298964 0
7.617735 0
5.553329 0
4.048377 0
2.656140 0
0.750172 2
0.139008 2
0.171615 0
0.154454 3
0.073875 0
0.009979 1
0.011088 2
0.020864 0
0.016900 0
0.004773 2
0.002818 1
0.003132 2
20589.113209 0
18530.201889 3
16677.181700 1
18530.201889 1
20589.113209 0
18530.201889 3
16677.181700 3
15009.463530 3
13508.517177 3
12157.665459 3
10941.898913 3
9847.709022 3
8862.938120 3
7976.644308 3
7178.979877 3
6461.081889 3
5814.973700 3
5233.476330 3
4710.128697 3
2503.155505 2
872.796357 1
969.773730 1
1077.526366 0
969.773730 3
872.796357 3
572.641690 0
515.377521 3
463.839769 3
417.455792 3
375.710213 3
338.139191 3
304.325272 3
273.892745 3
246.503470 3
19.662705 0
24.274945 1
26.972161 1
29.969067 0
5.553329 2
4.498196 1
4.997996 1
5.553329 2
4.498196 2
6.855961 0
6.170365 3
5.553329 3
4.997996 3
4.498196 3
4.048377 3
3.643539 3
3.279185 3
2.951267 3
2.390526 0
1.029043 2
0.833525 2
0.750172 3
0.675155 3
0.154454 2
0.139008 1
0.154454 0
0.018778 2
0.023183 2
0.053855 1
0.059839 1
0.066487 0
0.006547 2
0.012320 1
0.013689 1
0.015210 1
0.016900 1
0.018778 0
0.016900 3
0.015210 0
0.005303 2
0.004773 3
0.004296 3
0.003480 2
0.002818 2
16677.181700 0
18530.201889 0
12157.665459 0
9847.709022 0
6461.081889 0
4239.115828 0
2781.283894 2
785.516721 0
969.773730 0
417.455792 0
21.847450 0
6.170365 2
6.170365 2
4.997996 2
6.170365 0
4.997996 0
3.279185 0
1.143381 2
0.926139 2
0.171615 2
0.020864 2
0.025759 2
0.059839 0
0.007275 2
0.013689 0
0.016900 0
0.005893 2
0.003866 2
0.003132 2
13508.517177 1
15009.463530 0
13508.517177 1
15009.463530 1
16677.181700 0
8862.938120 1
9847.709022 1
10941.898913 0
8862.938120 0
4710.128697 1
5233.476330 1
5814.973700 0
5233.476330 3
4710.128697 3
3815.204245 0
3433.683820 3
3090.315438 3
706.965049 0
872.796357 0
463.839769 2
417.455792 3
375.710213 3
338.139191 3
375.710213 0
338.139191 3
304.325272 3
12.900701 1
14.334112 1
15.926791 2
14.334112 3
12.900701 3
24.274945 2
5.553329 1
6.170365 1
6.855961 1
7.617735 1
8.464150 2
7.617735 3
6.855961 2
6.170365 3
5.553329 3
4.997996 1
5.553329 0
4.498196 0
2.390526 1
2.656140 1
2.951267 0
1.270423 1
1.411582 1
1.568424 2
1.411582 3
1.270423 3
1.029043 2
0.926139 3
0.833525 3
0.190684 2
0.018778 1
0.020864 1
0.023183 1
0.025759 1
0.028621 2
0.035334 2
0.053855 0
0.008083 1
0.008981 1
0.009979 1
0.011088 1
0.012320 1
0.013689 1
0.015210 0
0.008083 2
0.007275 3
0.006547 3
0.005893 3
0.005303 3
0.004773 3
0.004296 3
0.003866 3
0.003480 3
12157.665459 0
7178.979877 1
7976.644308 0
9847.709022 0
7976.644308 0
4239.115828 0
3433.683820 0
785.516721 2
785.516721 0
515.377521 2
338.139191 2
273.892745 0
17.696435 2
26.972161 2
5.553329 0
9.404611 2
7.617735 2
2.656140 0
1.742693 2
1.143381 2
0.211871 2
0.031801 2
0.039260 2
0.011088 0
0.013689 0
0.008981 2
0.003866 0
0.003132 0
8862.938120 1
9847.709022 1
10941.898913 0
9847.709022 3
8862.938120 3
7178.979877 0
8862.938120 0
7976.644308 3
7178.979877 0
6461.081889 3
5814.973700 3
5233.476330 3
4710.128697 3
3815.204245 0
3433.683820 3
3090.315438 0
706.965049 1
785.516721 1
872.796357 2
785.516721 3
706.965049 0
636.268544 3
572.641690 3
515.377521 3
463.839769 3
417.455792 3
375.710213 3
246.503470 0
221.853123 3
199.667811 3
19.662705 1
21.847450 1
24.274945 1
26.972161 1
29.969067 1
33.298964 1
36.998849 2
12.900701 2
11.610631 3
10.449568 3
9.404611 3
8.464150 3
6.855961 2
5.553329 2
4.498196 2
3.643539 2
2.951267 2
2.656140 3
2.390526 3
2.151473 3
1.936326 3
1.742693 3
1.568424 3
1.411582 3
1.270423 3
0.190684 1
0.211871 1
0.235412 2
0.190684 2
0.171615 3
0.154454 3
0.035334 1
0.039260 1
0.043622 2
0.039260 3
0.035334 3
0.008083 1
0.008981 1
0.009979 2
0.008981 3
0.009979 0
0.012320 0
0.011088 3
0.009979 3
0.005303 2
0.004773 3
0.004296 3
0.003480 0
0.002818 2
7976.644308 0
6461.081889 0
4239.115828 0
3433.683820 0
969.773730 2
706.965049 2
417.455792 2
221.853123 0
41.109832 2
14.334112 2
7.617735 2
6.170365 2
4.997996 2
4.048377 2
3.279185 2
1.742693 0
1.411582 0
0.261569 2
0.211871 2
0.048469 2
0.031801 0
0.011088 2
0.008981 0
0.005893 2
0.003132 2
3090.315438 1
3433.683820 1
3815.204245 1
4239.115828 1
4710.128697 1
5233.476330 1
5814.973700 1
6461.081889 1
7178.979877 0
5814.973700 0
3090.315438 1
3433.683820 1
3815.204245 0
3090.315438 0
1077.526366 1
1197.251518 1
1330.279465 2
1077.526366 2
969.773730 3
872.796357 3
785.516721 3
706.965049 3
572.641690 2
515.377521 3
463.839769 3
199.667811 0
179.701030 3
161.730927 3
145.557834 3
131.002051 3
117.901846 3
106.111661 3
56.392087 2
50.752879 3
45.677591 3
15.926791 2
6.855961 1
7.617735 1
8.464150 1
9.404611 2
8.464150 3
7.617735 3
6.855961 2
5.553329 2
4.997996 3
4.498196 3
4.048377 3
3.643539 3
1.270423 1
1.411582 1
1.568424 0
1.411582 3
1.270423 0
1.143381 3
1.029043 3
0.235412 1
0.261569 1
0.290632 2
0.261569 3
0.235412 3
0.053855 2
0.048469 3
0.043622 1
0.048469 1
0.053855 2
0.028621 0
0.009979 1
0.011088 1
0.012320 2
0.006547 2
0.005893 3
0.005303 3
0.008083 0
0.007275 3
0.006547 3
0.003480 1
0.003866 1
0.004296 2
0.003866 3
0.003480 2
3090.315438 0
4239.115828 0
5233.476330 0
3433.683820 0
2781.283894 0
1478.088294 2
1197.251518 2
636.268544 2
95.500495 0
62.657875 2
17.696435 2
10.449568 2
7.617735 2
6.170365 2
1.411582 2
0.322925 2
0.211871 0
0.059839 2
0.059839 2
0.025759 0
0.013689 2
0.007275 2
0.007275 0
0.004773 2
0.003866 2
2503.155505 1
2781.283894 0
2503.155505 3
3815.204245 0
4239.115828 1
4710.128697 0
4239.115828 3
3815.204245 3
3433.683820 3
3090.315438 3
2781.283894 3
2503.155505 3
3090.315438 0
2781.283894 3
2503.155505 0
2252.839954 3
2027.555959 3
1824.800363 3
1642.320327 3
1478.088294 3
1330.279465 3
1197.251518 3
1077.526366 3
969.773730 3
872.796357 3
785.516721 3
706.965049 3
36.998849 1
41.109832 1
45.677591 1
50.752879 1
56.392087 1
62.657875 1
69.619861 1
77.355401 1
85.950446 0
77.355401 3
69.619861 3
24.274945 2
19.662705 2
17.696435 3
15.926791 3
14.334112 3
12.900701 3
11.610631 3
10.449568 3
9.404611 3
8.464150 3
7.617735 3
6.855961 3
2.390526 1
2.656140 1
2.951267 2
2.656140 3
2.390526 3
2.151473 3
1.936326 3
1.742693 3
1.568424 3
1.411582 3
1.270423 3
1.143381 3
1.029043 3
0.358805 2
0.190684 0
0.066487 1
0.073875 1
0.082083 2
0.066487 2
0.023183 0
0.020864 3
0.018778 3
0.016900 3
0.015210 3
0.008083 2
0.007275 3
0.006547 3
0.005893 3
0.006547 0
0.008083 2
0.006547 2
0.005893 3
0.005303 3
0.004296 2
2252.839954 0
2252.839954 0
3433.683820 0
2781.283894 0
2252.839954 0
2781.283894 0
1478.088294 0
1197.251518 0
785.516721 0
636.268544 0
56.392087 0
77.355401 0
62.657875 0
26.972161 2
21.847450 2
6.170365 0
3.279185 2
2.151473 0
1.411582 0
0.926139 0
0.398672 2
0.091203 2
0.073875 2
0.013689 0
0.008981 2
0.007275 2
0.008981 2
0.007275 2
0.004773 2
2027.555959 0
2027.555959 0
1077.526366 2
872.796357 2
3090.315438 0
2503.155505 0
2027.555959 1
2252.839954 1
2503.155505 0
572.641690 2
463.839769 2
1330.279465 0
1077.526366 0
375.710213 2
706.965049 0
572.641690 0
515.377521 3
463.839769 3
36.998849 1
41.109832 1
45.677591 1
50.752879 0
56.392087 1
62.657875 1
69.619861 0
62.657875 3
56.392087 0
29.969067 2
26.972161 3
24.274945 3
21.847450 3
19.662705 3
0.833525 1
0.926139 1
1.029043 2
0.926139 3
0.833525 3
5.553329 0
4.997996 3
4.498196 3
4.048377 3
3.643539 3
1.936326 0
0.675155 2
1.270423 0
0.675155 1
0.750172 1
0.833525 0
0.442969 2
0.154454 1
0.171615 1
0.190684 2
0.101337 2
0.091203 3
0.082083 3
0.073875 3
0.066487 3
0.053855 2
0.012320 0
0.011088 3
0.009979 3
0.008981 3
0.008083 3
0.007275 3
0.008083 1
0.008981 1
0.009979 2
0.008981 3
0.008083 3
0.007275 3
0.006547 3
0.005303 2
1824.800363 0
1824.800363 0
1197.251518 2
969.773730 2
2252.839954 0
636.268544 2
515.377521 2
1197.251518 0
417.455792 2
636.268544 0
515.377521 0
50.752879 0
50.752879 0
33.298964 2
17.696435 0
1.143381 2
4.997996 0
3.279185 0
0.750172 2
1.143381 0
0.750172 0
0.492188 2
0.211871 2
0.112597 2
0.059839 2
0.008981 0
0.011088 2
0.005893 2
1642.320327 0
1478.088294 1
1642.320327 0
1478.088294 3
1330.279465 3
1197.251518 3
1077.526366 3
969.773730 3
872.796357 3
2027.555959 0
1824.800363 3
1642.320327 3
572.641690 1
636.268544 1
706.965049 2
636.268544 3
572.641690 3
1077.526366 0
375.710213 1
417.455792 1
463.839769 1
515.377521 1
572.641690 0
463.839769 0
246.503470 2
221.853123 3
199.667811 3
179.701030 3
161.730927 3
45.677591 0
15.926791 2
45.677591 0
41.109832 3
36.998849 3
33.298964 3
29.969067 3
15.926791 2
1.029043 1
1.143381 1
1.270423 2
3.643539 1
4.048377 1
4.498196 0
4.048377 3
3.643539 3
2.951267 0
0.442969 2
0.833525 1
0.926139 1
1.029043 0
0.926139 3
0.833525 3
0.750172 3
0.675155 0
0.607640 3
0.546876 3
0.290632 2
0.235412 2
0.125108 2
0.112597 3
0.101337 3
0.082083 2
0.066487 2
0.043622 2
0.008083 0
0.018778 2
0.016900 3
0.015210 3
0.013689 3
0.012320 2
0.011088 3
0.009979 3
0.008981 3
0.008083 3
0.007275 3
0.006547 3
1478.088294 0
1478.088294 0
1197.251518 0
785.516721 2
1478.088294 0
785.516721 2
515.377521 0
417.455792 0
273.892745 2
221.853123 2
17.696435 2
33.298964 0
26.972161 0
17.696435 2
1.411582 2
4.048377 0
2.656140 0
0.492188 2
0.926139 0
0.750172 0
0.492188 0
0.322925 2
0.261569 2
0.139008 2
0.091203 2
0.082083 3
0.073875 3
0.048469 2
0.020864 2
0.013689 2
0.008981 0
0.006547 0
1330.279465 0
1330.279465 0
1197.251518 3
1077.526366 3
969.773730 3
872.796357 3
872.796357 1
969.773730 1
1077.526366 1
1197.251518 1
1330.279465 0
1197.251518 3
1077.526366 3
969.773730 3
872.796357 3
785.516721 3
706.965049 3
161.730927 1
179.701030 1
199.667811 1
221.853123 1
246.503470 2
463.839769 0
375.710213 0
338.139191 3
304.325272 3
273.892745 3
246.503470 3
221.853123 3
199.667811 3
15.926791 1
17.696435 1
19.662705 1
21.847450 1
24.274945 1
26.972161 1
29.969067 0
24.274945 0
21.847450 3
19.662705 3
6.855961 2
1.568424 2
1.742693 1
1.936326 2
3.643539 0
1.936326 1
2.151473 1
2.390526 0
0.546876 1
0.607640 1
0.675155 2
0.833525 0
0.675155 0
0.607640 3
0.546876 3
0.442969 0
0.398672 3
0.358805 3
0.322925 3
0.290632 3
0.154454 2
0.139008 3
0.125108 3
0.112597 3
0.101337 3
0.066487 0
0.059839 3
0.053855 3
0.028621 2
0.023183 2
0.018778 2
0.015210 2
0.008083 0
0.004296 2
0.005303 2
969.773730 0
785.516721 0
785.516721 0
969.773730 0
785.516721 0
636.268544 0
273.892745 2
417.455792 0
338.139191 0
14.334112 0
26.972161 0
17.696435 0
7.617735 2
1.742693 2
2.151473 2
3.279185 0
2.151473 0
0.750172 2
0.675155 3
0.607640 0
0.358805 2
0.322925 0
0.261569 0
0.171615 2
0.112597 0
0.091203 0
0.048469 0
0.031801 2
0.025759 2
0.020864 2
0.016900 2
0.004296 1
0.004773 2
0.005893 2
85.950446 2
106.111661 2
872.796357 0
706.965049 0
636.268544 1
706.965049 0
872.796357 0
304.325272 2
572.641690 1
636.268544 1
706.965049 0
572.641690 0
199.667811 1
221.853123 1
246.503470 1
273.892745 1
304.325272 1
338.139191 1
375.710213 0
338.139191 3
304.325272 0
273.892745 3
246.503470 3
85.950446 2
10.449568 1
11.610631 1
12.900701 0
19.662705 2
24.274945 2
21.847450 1
24.274945 0
12.900701 1
14.334112 1
15.926791 0
8.464150 2
1.936326 1
2.151473 1
2.390526 1
2.656140 1
2.951267 0
2.656140 3
2.390526 3
2.151473 3
1.936326 0
1.742693 3
1.568424 3
0.833525 2
0.675155 2
0.607640 3
0.546876 0
0.492188 3
0.442969 3
0.398672 3
0.358805 3
0.322925 3
0.290632 0
0.235412 0
0.211871 3
0.190684 3
0.101337 0
0.082083 0
0.073875 3
0.066487 3
0.043622 0
0.039260 3
0.035334 3
0.031801 3
0.028621 3
0.025759 3
0.023183 3
0.020864 3
0.018778 3
0.009979 2
0.005303 1
0.005893 1
0.006547 2
95.500495 2
117.901846 2
338.139191 2
636.268544 0
515.377521 0
463.839769 3
273.892745 0
338.139191 0
273.892745 0
95.500495 2
21.847450 2
26.972161 2
14.334112 0
9.404611 2
2.656140 0
1.411582 0
0.926139 2
0.750172 2
0.607640 2
0.171615 0
0.073875 0
0.039260 0
0.031801 0
0.025759 0
0.016900 0
0.011088 2
0.007275 2
106.111661 1
117.901846 1
131.002051 1
145.557834 1
161.730927 1
179.701030 1
199.667811 1
221.853123 1
246.503470 1
273.892745 1
304.325272 1
338.139191 1
375.710213 1
417.455792 1
463.839769 1
515.377521 1
572.641690 0
463.839769 0
161.730927 1
179.701030 1
199.667811 1
221.853123 1
246.503470 0
273.892745 1
304.325272 0
273.892745 3
246.503470 0
131.002051 2
106.111661 2
95.500495 3
85.950446 3
19.662705 1
21.847450 1
24.274945 1
26.972161 1
29.969067 2
24.274945 2
21.847450 3
19.662705 3
12.900701 0
11.610631 3
10.449568 3
5.553329 2
1.936326 1
2.151473 1
2.390526 0
2.151473 3
1.936326 3
1.029043 1
1.143381 1
1.270423 0
1.143381 3
1.029043 3
0.926139 3
0.833525 3
0.750172 3
0.675155 3
0.607640 3
0.546876 3
0.492188 3
0.442969 3
0.101337 1
0.112597 1
0.125108 1
0.139008 1
0.154454 0
0.053855 2
0.066487 0
0.059839 3
0.053855 3
0.035334 0
0.028621 0
0.023183 0
0.012320 1
0.013689 1
0.015210 0
0.013689 3
0.012320 3
0.011088 3
0.009979 3
0.008981 3
0.008083 3
117.901846 0
221.853123 0
338.139191 0
515.377521 0
417.455792 0
273.892745 0
221.853123 0
145.557834 2
117.901846 2
33.298964 2
26.972161 2
9.404611 0
6.170365 2
1.936326 0
1.143381 0
0.750172 0
0.398672 0
0.112597 0
0.059839 2
0.048469 0
0.025759 0
0.013689 0
0.011088 0
0.008981 0
85.950446 1
95.500495 1
106.111661 0
95.500495 3
85.950446 3
161.730927 1
179.701030 1
199.667811 0
221.853123 1
246.503470 1
273.892745 1
304.325272 0
375.710213 1
417.455792 1
463.839769 0
417.455792 3
375.710213 3
338.139191 3
304.325272 3
273.892745 3
246.503470 3
221.853123 3
199.667811 3
221.853123 1
246.503470 0
221.853123 3
199.667811 0
179.701030 3
161.730927 3
145.557834 3
131.002051 3
117.901846 3
106.111661 3
95.500495 3
85.950446 3
45.677591 2
36.998849 2
33.298964 3
29.969067 2
24.274945 2
19.662705 2
8.464150 0
7.617735 3
6.855961 3
6.170365 3
5.553329 3
4.997996 3
4.498196 3
0.675155 1
0.750172 1
0.833525 1
0.926139 1
1.029043 0
0.546876 1
0.607640 1
0.675155 0
0.607640 3
0.546876 3
0.290632 1
0.322925 1
0.358805 0
0.322925 3
0.290632 3
0.101337 0
0.091203 3
0.082083 3
0.066487 2
0.059839 3
0.053855 3
0.043622 0
0.039260 3
0.035334 3
0.023183 0
0.020864 3
0.018778 3
0.016900 3
0.015210 3
0.012320 0
0.009979 0
0.008981 3
0.008083 0
0.007275 3
0.006547 3
145.557834 0
179.701030 0
338.139191 0
417.455792 0
338.139191 0
179.701030 0
199.667811 0
117.901846 0
95.500495 0
50.752879 2
41.109832 2
33.298964 2
26.972161 2
21.847450 2
7.617735 0
4.997996 0
0.607640 0
0.492188 0
0.261569 0
0.261569 0
0.112597 2
0.073875 2
0.035334 1
0.039260 0
0.016900 0
0.013689 0
0.011088 0
0.007275 0
0.005893 0
4.498196 2
36.998849 2
29.969067 2
131.002051 0
161.730927 0
145.557834 3
131.002051 3
45.677591 2
304.325272 0
375.710213 0
304.325272 0
69.619861 1
77.355401 1
85.950446 2
161.730927 0
15.926791 2
19.662705 2
85.950446 1
95.500495 1
106.111661 0
95.500495 3
85.950446 0
77.355401 3
69.619861 3
62.657875 3
56.392087 3
50.752879 3
45.677591 3
41.109832 3
36.998849 3
33.298964 3
29.969067 3
26.972161 3
24.274945 3
6.855961 0
6.170365 3
5.553329 3
4.498196 0
2.951267 2
2.656140 3
2.390526 3
1.270423 2
1.568424 2
1.411582 3
1.270423 3
0.546876 0
0.442969 0
0.235412 0
0.211871 3
0.190684 1
0.211871 1
0.235412 0
0.125108 2
0.112597 3
0.101337 3
0.091203 3
0.082083 3
0.073875 3
0.066487 3
0.035334 0
0.012320 1
0.013689 1
0.015210 2
0.015210 0
0.013689 3
0.012320 0
0.011088 3
0.009979 0
0.008981 3
0.008083 3
0.007275 3
0.006547 3
0.005303 0
4.997996 2
41.109832 2
33.298964 2
117.901846 0
145.557834 0
117.901846 0
50.752879 2
273.892745 0
95.500495 2
17.696435 2
21.847450 2
95.500495 0
77.355401 0
50.752879 0
33.298964 0
26.972161 0
21.847450 0
4.997996 2
4.048377 0
3.279185 2
1.411582 2
1.742693 2
1.143381 0
0.211871 0
0.139008 2
0.091203 0
0.073875 0
0.028621 1
0.031801 0
0.016900 2
0.011088 0
0.008981 0
0.007275 0
0.005893 0
0.004773 0
5.553329 2
45.677591 2
41.109832 3
36.998849 3
106.111661 0
131.002051 0
106.111661 0
56.392087 1
62.657875 1
69.619861 2
56.392087 2
246.503470 0
131.002051 2
106.111661 2
95.500495 3
85.950446 3
19.662705 1
21.847450 1
24.274945 1
26.972161 1
29.969067 2
85.950446 0
69.619861 0
62.657875 3
56.392087 3
45.677591 0
41.109832 3
36.998849 3
33.298964 3
29.969067 0
24.274945 0
19.662705 0
4.498196 2
5.553329 2
4.498196 2
3.643539 2
3.279185 3
2.951267 3
1.568424 1
1.742693 1
1.936326 2
1.029043 0
0.358805 2
0.442969 2
0.398672 3
0.358805 3
0.154454 1
0.171615 1
0.190684 0
0.171615 3
0.154454 3
0.082083 0
0.066487 0
0.059839 3
0.053855 3
0.028621 0
0.023183 2
0.018778 2
0.015210 2
0.009979 0
0.008083 0
0.006547 0
0.005303 0
0.004296 0
6.170365 2
50.752879 2
95.500495 0
117.901846 0
95.500495 0
77.355401 2
62.657875 2
221.853123 0
145.557834 2
117.901846 2
26.972161 2
33.298964 2
77.355401 0
62.657875 0
3.643539 2
26.972161 0
17.696435 0
4.997996 2
6.170365 2
4.997996 2
4.048377 2
3.279185 2
2.151473 2
0.398672 2
0.492188 2
0.139008 0
0.048469 0
0.031801 2
0.025759 2
0.020864 2
0.016900 2
0.005893 0
0.004773 0
0.003866 0
6.855961 2
56.392087 1
62.657875 1
69.619861 1
77.355401 1
85.950446 1
95.500495 1
106.111661 0
95.500495 3
85.950446 3
69.619861 2
85.950446 2
77.355401 3
69.619861 3
199.667811 0
179.701030 3
161.730927 3
145.557834 3
131.002051 3
117.901846 3
106.111661 3
24.274945 1
26.972161 1
29.969067 2
36.998849 2
69.619861 0
56.392087 0
3.643539 1
4.048377 1
4.498196 2
5.553329 2
24.274945 0
8.464150 2
15.926791 0
5.553329 1
6.170365 1
6.855961 2
6.170365 3
5.553329 3
4.498196 2
4.048377 3
3.643539 3
3.279185 3
2.951267 3
2.656140 3
2.390526 3
2.151473 3
1.936326 3
0.442969 1
0.492188 1
0.546876 2
0.442969 2
0.358805 2
0.190684 2
0.125108 0
0.190684 2
0.154454 2
0.043622 0
0.039260 3
0.035334 3
0.031801 3
0.028621 3
0.025759 3
0.023183 3
0.020864 3
0.018778 3
0.016900 3
0.015210 3
0.013689 3
0.012320 3
0.005303 0
0.004773 3
0.004296 0
0.003866 3
0.003480 3
7.617735 2
62.657875 0
95.500495 0
77.355401 0
77.355401 2
95.500495 2
179.701030 0
95.500495 0
33.298964 2
41.109832 2
62.657875 0
4.997996 2
6.170365 2
9.404611 2
14.334112 0
7.617735 2
4.997996 2
3.279185 0
2.151473 0
0.607640 2
0.492188 2
0.398672 2
0.211871 2
0.211871 2
0.171615 2
0.039260 0
0.016900 0
0.004773 0
0.003866 0
8.464150 2
45.677591 1
50.752879 1
56.392087 0
50.752879 3
45.677591 3
85.950446 0
77.355401 3
69.619861 1
77.355401 1
85.950446 1
95.500495 1
106.111661 1
117.901846 1
131.002051 1
145.557834 1
161.730927 0
145.557834 3
131.002051 3
117.901846 3
106.111661 3
95.500495 3
85.950446 3
45.677591 2
36.998849 2
45.677591 1
50.752879 1
56.392087 0
29.969067 2
24.274945 2
5.553329 1
6.170365 1
6.855961 1
7.617735 1
8.464150 1
9.404611 1
10.449568 1
11.610631 1
12.900701 0
11.610631 3
10.449568 3
9.404611 3
8.464150 3
7.617735 3
6.855961 3
6.170365 3
5.553329 3
2.951267 0
2.656140 3
2.390526 3
2.151473 3
1.936326 3
1.029043 2
0.926139 3
0.833525 3
0.675155 2
0.546876 2
0.492188 3
0.442969 2
0.235412 1
0.261569 1
0.290632 2
0.235412 2
0.190684 2
0.035334 0
0.005303 2
0.009979 1
0.011088 1
0.012320 1
0.013689 1
0.015210 0
0.002818 1
0.003132 1
0.003480 1
0.003866 1
0.004296 0
0.003480 0
0.001849 2
9.404611 2
45.677591 0
77.355401 0
117.901846 0
145.557834 0
77.355401 0
50.752879 2
41.109832 2
50.752879 0
33.298964 2
26.972161 2
8.464150 0
11.610631 0
6.170365 0
4.997996 0
2.390526 0
1.742693 0
1.143381 2
0.750172 2
0.607640 2
0.492188 2
0.322925 2
0.261569 2
0.211871 2
0.005893 2
0.011088 0
0.013689 0
0.002537 0
0.003866 0
0.003132 0
0.002055 2
10.449568 2
15.926791 2
19.662705 2
36.998849 1
41.109832 1
45.677591 1
50.752879 1
56.392087 1
62.657875 1
69.619861 0
85.950446 1
95.500495 1
106.111661 0
131.002051 0
45.677591 1
50.752879 1
56.392087 1
62.657875 1
69.619861 0
62.657875 3
56.392087 3
50.752879 3
45.677591 3
41.109832 3
36.998849 1
41.109832 1
45.677591 0
41.109832 3
36.998849 3
33.298964 3
29.969067 3
26.972161 3
24.274945 3
21.847450 3
19.662705 3
17.696435 3
15.926791 3
8.464150 1
9.404611 1
10.449568 0
9.404611 3
8.464150 3
4.498196 1
4.997996 1
5.553329 0
4.498196 0
4.048377 3
3.643539 3
1.270423 1
1.411582 1
1.568424 0
1.411582 3
1.270423 3
1.143381 3
1.029043 3
0.926139 3
0.833525 3
0.750172 3
0.675155 3
0.607640 3
0.546876 3
0.492188 3
0.442969 3
0.398672 3
0.358805 3
0.322925 3
0.290632 3
0.261569 3
0.235412 3
0.211871 3
0.190684 3
0.006547 1
0.007275 1
0.008083 1
0.008981 1
0.009979 0
0.011088 1
0.012320 0
0.002283 0
0.003480 2
0.003132 1
0.003480 0
0.003132 3
0.002818 0
0.002537 3
0.002283 3
11.610631 2
17.696435 1
19.662705 1
21.847450 2
33.298964 0
41.109832 0
50.752879 0
50.752879 0
41.109832 0
33.298964 0
26.972161 0
17.696435 0
14.334112 0
9.404611 2
9.404611 0
1.143381 0
0.750172 0
0.607640 0
0.398672 0
0.261569 0
0.211871 0
0.011088 0
0.003866 2
0.003132 0
0.002537 0
0.002055 0
12.900701 1
14.334112 1
15.926791 0
24.274945 1
26.972161 1
29.969067 1
33.298964 1
36.998849 0
33.298964 3
29.969067 3
15.926791 2
14.334112 3
12.900701 3
0.546876 2
29.969067 1
33.298964 1
36.998849 1
41.109832 1
45.677591 0
41.109832 3
36.998849 1
41.109832 1
45.677591 0
41.109832 3
36.998849 3
5.553329 2
36.998849 0
29.969067 0
24.274945 0
12.900701 1
14.334112 1
15.926791 0
12.900701 0
11.610631 3
10.449568 3
8.464150 0
7.617735 3
6.855961 3
6.170365 3
5.553329 3
1.270423 1
1.411582 1
1.568424 2
1.411582 3
1.270423 3
1.143381 3
1.029043 3
0.833525 1
0.926139 1
1.029043 0
0.546876 1
0.607640 1
0.675155 0
0.546876 0
0.492188 3
0.442969 3
0.358805 0
0.082083 2
0.235412 0
0.211871 3
0.190684 3
0.171615 3
0.154454 3
0.139008 3
0.125108 3
0.006547 1
0.007275 1
0.008083 1
0.008981 1
0.009979 0
0.005303 2
0.004773 3
0.004296 3
0.003480 2
0.002283 0
0.002055 3
0.001849 0
11.610631 0
26.972161 0
26.972161 0
17.696435 2
14.334112 2
0.607640 2
36.998849 0
6.170365 2
21.847450 0
19.662705 3
14.334112 0
4.997996 0
1.742693 2
1.143381 0
0.926139 0
0.492188 0
0.492188 0
0.398672 0
0.091203 2
0.171615 0
0.112597 0
0.008981 0
0.005893 2
0.003866 2
0.002537 2
10.449568 0
9.404611 3
8.464150 3
2.390526 2
24.274945 0
21.847450 3
19.662705 1
21.847450 1
24.274945 0
21.847450 3
19.662705 3
17.696435 3
15.926791 3
0.675155 2
0.833525 2
0.675155 2
1.270423 2
1.568424 2
4.498196 1
4.997996 1
5.553329 2
6.170365 1
6.855961 2
12.900701 1
14.334112 1
15.926791 1
17.696435 1
19.662705 0
1.936326 2
12.900701 0
11.610631 3
10.449568 3
9.404611 3
8.464150 3
7.617735 3
6.855961 3
6.170365 3
5.553329 3
4.498196 0
2.390526 2
2.151473 3
1.936326 3
1.029043 0
0.833525 0
0.750172 3
0.675155 3
0.358805 2
0.442969 0
0.358805 1
0.398672 1
0.442969 0
0.358805 0
0.082083 1
0.091203 1
0.101337 1
0.112597 1
0.125108 1
0.139008 1
0.154454 0
0.082083 1
0.091203 1
0.101337 0
0.043622 2
0.039260 3
0.035334 3
0.008083 0
0.007275 3
0.006547 3
0.005893 3
0.005303 3
0.004773 3
0.004296 3
0.002818 2
0.002537 3
0.002283 3
9.404611 0
2.656140 2
14.334112 0
0.750172 2
0.926139 2
0.750172 2
1.411582 2
1.742693 2
6.170365 2
7.617735 2
14.334112 0
2.151473 2
9.404611 0
7.617735 0
6.170365 0
4.997996 0
4.048377 0
2.656140 2
1.936326 2
0.607640 0
0.398672 2
0.398672 0
0.398672 0
0.091203 0
0.112597 0
0.073875 0
0.091203 0
0.048469 2
0.005893 2
0.003866 0
0.003132 2
8.464150 0
2.390526 1
2.656140 1
2.951267 1
3.279185 1
3.643539 2
4.498196 2
5.553329 2
4.997996 3
4.498196 3
12.900701 0
0.833525 1
0.926139 1
1.029043 2
0.926139 3
0.833525 3
1.568424 1
1.742693 1
1.936326 2
5.553329 1
6.170365 1
6.855961 1
7.617735 1
8.464150 1
9.404611 1
10.449568 1
11.610631 1
12.900701 0
1.936326 1
2.151473 1
2.390526 2
2.151473 3
1.936326 3
8.464150 0
6.855961 0
5.553329 0
4.498196 0
4.048377 3
3.643539 0
3.279185 3
2.951267 3
2.656140 3
2.390526 3
2.151473 3
1.936326 3
1.742693 3
1.568424 3
0.546876 0
0.492188 3
0.442969 3
0.398672 3
0.358805 3
0.290632 1
0.322925 1
0.358805 0
0.082083 2
0.066487 2
0.073875 1
0.082083 0
0.091203 1
0.101337 0
0.091203 3
0.082083 3
0.066487 0
0.073875 1
0.082083 0
0.053855 2
0.035334 2
0.031801 3
0.028621 3
0.006547 2
0.003480 1
0.003866 1
0.004296 2
0.003480 2
0.003132 3
0.002818 3
7.617735 0
2.656140 2
4.048377 2
4.997996 2
6.170365 2
11.610631 0
0.750172 0
1.143381 2
2.151473 2
9.404611 0
11.610631 0
2.151473 2
2.656140 2
6.170365 0
4.048377 0
3.279185 0
2.656140 0
1.936326 0
0.322925 0
0.091203 2
0.073875 2
0.073875 0
0.066487 3
0.059839 3
0.039260 2
0.007275 2
0.004773 2
0.003866 2
6.855961 0
3.643539 2
2.951267 2
4.498196 1
4.997996 1
5.553329 1
6.170365 1
6.855961 1
7.617735 1
8.464150 1
9.404611 1
10.449568 0
0.675155 0
1.270423 1
1.411582 1
1.568424 1
1.742693 1
1.936326 1
2.151473 1
2.390526 2
4.498196 1
4.997996 1
5.553329 1
6.170365 1
6.855961 1
7.617735 1
8.464150 0
10.449568 0
2.390526 1
2.656140 1
2.951267 1
3.279185 1
3.643539 1
4.048377 1
4.498196 1
4.997996 1
5.553329 0
4.997996 3
4.498196 3
3.643539 0
2.951267 0
2.656140 3
2.390526 0
1.029043 2
0.833525 2
0.101337 1
0.112597 1
0.125108 2
0.112597 3
0.101337 3
0.290632 0
0.261569 3
0.235412 3
0.211871 3
0.190684 3
0.101337 2
0.091203 3
0.082083 3
0.028621 2
0.025759 3
0.023183 3
0.043622 1
0.048469 1
0.053855 1
0.059839 1
0.066487 0
0.053855 0
0.048469 3
0.043622 3
0.006547 1
0.007275 1
0.008083 2
0.004296 1
0.004773 1
0.005303 2
0.004773 3
0.004296 3
0.003866 3
0.003480 3
6.170365 0
4.048377 2
3.643539 3
3.279185 3
4.048377 0
6.170365 0
7.617735 0
1.143381 0
1.411582 0
2.656140 2
4.048377 0
2.656140 0
4.048377 0
4.997996 0
4.048377 0
2.656140 0
1.143381 2
0.926139 2
0.091203 0
0.139008 2
0.112597 2
0.211871 0
0.112597 2
0.073875 0
0.031801 2
0.039260 0
0.048469 0
0.059839 0
0.048469 0
0.008981 2
0.005893 2
0.003866 0
0.003132 0
5.553329 0
4.997996 3
4.498196 3
2.951267 0
3.279185 1
3.643539 0
1.936326 2
5.553329 0
6.855961 0
6.170365 3
5.553329 3
0.833525 1
0.926139 1
1.029043 0
1.143381 1
1.270423 0
1.029043 2
2.951267 1
3.279185 1
3.643539 0
1.936326 2
1.742693 3
1.568424 3
1.411582 3
1.270423 3
1.143381 3
1.029043 3
0.546876 2
2.390526 0
2.951267 1
3.279185 1
3.643539 1
4.048377 1
4.498196 0
3.643539 0
1.936326 1
2.151473 1
2.390526 0
1.568424 2
1.411582 3
1.270423 3
1.143381 3
1.029043 3
0.082083 0
0.154454 2
0.139008 3
0.125108 3
0.154454 1
0.171615 1
0.190684 0
0.171615 3
0.154454 3
0.139008 3
0.125108 3
0.066487 0
0.035334 1
0.039260 1
0.043622 2
0.039260 3
0.035334 2
0.039260 1
0.043622 0
0.053855 0
0.048469 3
0.043622 3
0.039260 3
0.035334 3
0.012320 2
0.011088 3
0.009979 2
0.008083 2
0.006547 2
0.003480 0
0.002818 0
4.997996 0
2.656140 0
3.279185 0
2.151473 2
6.170365 0
0.926139 0
1.143381 0
1.143381 2
3.279185 0
2.151473 2
0.926139 0
0.607640 2
2.951267 0
4.048377 0
2.151473 2
2.151473 0
1.936326 3
1.742693 3
1.143381 0
0.171615 2
0.112597 0
0.171615 0
0.112597 0
0.073875 2
0.048469 2
0.039260 2
0.043622 0
0.031801 0
0.013689 2
0.011088 2
0.008981 2
0.007275 2
0.003132 0
0.002537 0
4.498196 0
2.390526 2
2.390526 0
2.656140 1
2.951267 0
2.390526 1
2.656140 1
2.951267 2
5.553329 0
2.951267 2
2.656140 3
2.390526 2
0.833525 0
1.029043 0
1.143381 1
1.270423 1
1.411582 1
1.568424 2
2.951267 0
2.656140 3
2.390526 3
0.546876 1
0.607640 1
0.675155 1
0.750172 1
0.833525 0
0.750172 3
0.675155 3
0.607640 3
0.546876 3
0.492188 3
0.442969 3
2.951267 1
3.279185 1
3.643539 0
3.279185 3
2.951267 3
2.656140 3
2.390526 3
1.936326 0
1.568424 0
1.029043 0
0.926139 3
0.833525 3
0.235412 2
0.211871 3
0.190684 3
0.101337 0
0.112597 1
0.125108 1
0.139008 1
0.154454 0
0.139008 3
0.125108 3
0.112597 3
0.101337 0
0.091203 3
0.082083 3
0.073875 3
0.066487 3
0.059839 3
0.053855 3
0.048469 3
0.043622 3
0.039260 3
0.035334 3
0.035334 1
0.039260 0
0.035334 3
0.028621 0
0.015210 2
0.012320 2
0.011088 3
0.009979 2
0.008981 3
0.008083 3
0.002818 0
0.002537 3
0.002283 0
4.048377 0
2.656140 2
2.151473 0
2.656140 0
2.656140 2
3.279185 2
4.997996 0
3.279185 2
2.656140 2
1.742693 2
2.656140 0
0.235412 2
0.750172 0
0.607640 0
0.398672 0
2.151473 0
1.742693 0
1.411582 0
0.926139 2
0.261569 2
0.091203 0
0.059839 0
0.048469 0
0.031801 0
0.031801 0
0.031801 0
0.025759 0
0.016900 2
0.013689 2
0.011088 2
3.643539 0
3.279185 3
2.951267 3
2.656140 3
2.390526 3
2.390526 0
2.656140 1
2.951267 1
3.279185 1
3.643539 1
4.048377 1
4.498196 0
4.048377 3
3.643539 3
3.279185 3
2.951267 3
1.568424 2
1.270423 1
1.411582 1
1.568424 1
1.742693 1
1.936326 1
2.151473 1
2.390526 0
0.235412 1
0.261569 1
0.290632 2
0.235412 2
0.675155 0
0.546876 0
0.492188 3
0.442969 3
0.358805 0
0.322925 3
0.290632 3
0.261569 3
0.235412 3
0.211871 3
0.190684 3
1.936326 0
1.742693 3
1.568424 0
1.411582 3
1.270423 3
1.143381 3
1.029043 3
0.235412 2
0.290632 2
0.235412 2
0.211871 3
0.190684 3
0.043622 1
0.048469 1
0.053855 1
0.059839 1
0.066487 1
0.073875 1
0.082083 0
0.043622 2
0.053855 0
0.043622 0
0.023183 1
0.025759 1
0.028621 0
0.028621 0
0.025759 1
0.028621 0
0.025759 3
0.023183 3
0.020864 3
0.018778 3
0.016900 3
0.015210 3
0.013689 3
0.012320 3
0.011088 3
0.009979 3
0.002283 1
0.002537 1
0.002818 2
2.656140 0
2.151473 0
2.656140 0
4.048377 0
3.279185 0
1.742693 2
1.411582 0
1.742693 0
2.151473 0
0.322925 2
0.261569 2
0.607640 0
0.492188 0
0.211871 0
0.171615 0
1.742693 0
1.143381 0
0.926139 0
0.261569 2
0.322925 2
0.261569 2
0.073875 0
0.048469 2
0.039260 0
0.020864 0
0.025759 0
0.025759 0
0.025759 0
0.013689 0
0.003132 2
1.936326 1
2.151473 1
2.390526 0
1.270423 2
1.936326 0
2.390526 0
2.151473 3
1.936326 3
3.643539 0
2.951267 0
2.656140 3
2.390526 3
2.151473 3
1.936326 3
1.029043 2
1.270423 0
1.568424 0
1.936326 0
0.442969 2
0.358805 2
0.322925 3
0.290632 3
0.546876 0
0.492188 3
0.442969 0
0.235412 2
0.125108 1
0.139008 1
0.154454 1
0.171615 1
0.190684 0
0.171615 3
0.154454 3
1.568424 0
1.411582 3
1.270423 3
1.143381 3
1.029043 0
0.833525 0
0.290632 1
0.322925 1
0.358805 2
0.322925 3
0.290632 3
0.066487 1
0.073875 1
0.082083 2
0.066487 2
0.053855 2
0.066487 0
0.059839 3
0.053855 3
0.048469 3
0.043622 3
0.035334 0
0.018778 0
0.020864 1
0.023183 0
0.023183 0
0.020864 1
0.023183 0
0.005303 2
0.009979 1
0.011088 1
0.012320 0
0.006547 2
0.005303 2
0.004296 2
0.003480 2
2.151473 0
1.411582 2
2.151473 0
1.742693 0
1.143381 2
1.411582 0
1.270423 3
0.492188 2
0.398672 2
0.398672 0
0.261569 2
0.125108 0
0.171615 0
0.139008 0
0.750172 0
0.398672 2
0.091203 2
0.073875 2
0.059839 2
0.059839 0
0.048469 0
0.031801 0
0.020864 0
0.020864 0
0.005893 2
0.011088 0
0.007275 2
0.005893 2
0.004773 2
0.003866 2
1.568424 1
1.742693 1
1.936326 0
1.742693 3
1.568424 3
0.546876 2
0.442969 2
0.398672 3
0.358805 3
0.358805 1
0.398672 1
0.442969 2
1.936326 0
1.742693 3
1.568424 0
1.411582 3
1.270423 3
1.143381 3
1.029043 1
1.143381 1
1.270423 0
0.675155 2
0.607640 3
0.546876 3
0.492188 3
0.442969 3
0.235412 2
0.290632 1
0.322925 1
0.358805 0
0.322925 3
0.290632 3
0.154454 2
0.125108 2
0.154454 0
0.139008 3
0.125108 3
0.358805 1
0.398672 1
0.442969 1
0.492188 1
0.546876 1
0.607640 1
0.675155 0
0.607640 3
0.546876 3
0.492188 3
0.442969 3
0.398672 3
0.358805 3
0.082083 1
0.091203 1
0.101337 2
0.091203 3
0.082083 3
0.073875 3
0.066487 2
0.053855 2
0.043622 2
0.039260 3
0.035334 3
0.028621 2
0.015210 1
0.016900 1
0.018778 0
0.016900 3
0.018778 0
0.016900 3
0.015210 3
0.006547 1
0.007275 1
0.008083 1
0.008981 1
0.009979 0
0.008981 3
0.008083 3
0.007275 3
0.006547 3
0.005893 3
0.005303 3
0.004773 3
0.004296 3
1.742693 0
1.411582 0
0.607640 2
0.492188 2
0.492188 2
1.143381 0
1.143381 0
0.750172 2
0.398672 0
0.261569 2
0.261569 0
0.322925 0
0.171615 2
0.154454 3
0.139008 3
0.139008 0
0.322925 0
0.398672 0
0.607640 0
0.492188 0
0.398672 0
0.322925 0
0.112597 2
0.073875 2
0.059839 2
0.048469 2
0.031801 2
0.013689 2
0.008981 0
0.005893 0
0.003866 0
1.270423 1
1.411582 1
1.568424 0
1.411582 3
1.270423 0
0.675155 2
0.546876 2
0.358805 1
0.398672 1
0.442969 1
0.492188 1
0.546876 1
0.607640 1
0.675155 1
0.750172 1
0.833525 1
0.926139 1
1.029043 0
0.833525 1
0.926139 1
1.029043 0
0.926139 3
0.833525 3
0.290632 2
0.358805 0
0.322925 3
0.290632 3
0.235412 0
0.290632 0
0.261569 3
0.235412 3
0.211871 3
0.190684 3
0.125108 0
0.112597 3
0.125108 0
0.112597 3
0.101337 3
0.290632 0
0.358805 0
0.442969 1
0.492188 1
0.546876 0
0.442969 0
0.398672 3
0.358805 3
0.290632 0
0.261569 3
0.235412 3
0.125108 2
0.101337 2
0.091203 3
0.082083 3
0.073875 3
0.066487 3
0.059839 3
0.053855 3
0.048469 3
0.043622 3
0.039260 3
0.035334 3
0.031801 3
0.028621 3
0.025759 3
0.023183 3
0.020864 3
0.018778 3
0.016900 3
0.015210 3
0.005303 1
0.005893 1
0.006547 1
0.007275 1
0.008083 0
0.004296 1
0.004773 1
0.005303 0
0.004773 3
0.004296 3
0.003480 0
1.143381 0
1.411582 0
0.750172 2
0.607640 2
0.398672 0
0.492188 0
0.926139 0
0.926139 0
0.290632 1
0.322925 2
0.261569 0
0.235412 0
0.171615 0
0.112597 0
0.261569 0
0.322925 0
0.211871 0
0.139008 2
0.112597 2
0.073875 2
0.039260 0
0.031801 0
0.020864 0
0.016900 0
0.013689 0
0.007275 0
0.003132 0
1.029043 0
1.143381 1
1.270423 0
1.143381 3
1.029043 3
0.926139 3
0.833525 3
0.750172 3
0.675155 3
0.607640 3
0.546876 3
0.358805 0
0.442969 0
0.101337 2
0.125108 2
0.833525 0
0.750172 3
0.675155 3
0.833525 0
0.442969 2
0.358805 2
0.190684 1
0.211871 1
0.235412 0
0.211871 3
0.190684 3
0.171615 3
0.154454 3
0.082083 2
0.154454 0
0.101337 0
0.091203 3
0.082083 3
0.073875 3
0.066487 3
0.235412 0
0.211871 3
0.190684 3
0.171615 3
0.154454 3
0.082083 2
0.235412 1
0.261569 1
0.290632 0
0.261569 3
0.235412 3
0.190684 0
0.171615 3
0.154454 3
0.139008 3
0.125108 3
0.112597 3
0.101337 3
0.091203 3
0.082083 3
0.028621 1
0.031801 1
0.035334 0
0.028621 0
0.006547 2
0.018778 0
0.015210 0
0.012320 0
0.011088 3
0.009979 3
0.008981 3
0.008083 3
0.007275 3
0.006547 3
0.005893 3
0.005303 3
0.002818 2
0.002283 2
0.002818 0
0.926139 0
0.926139 0
0.607640 0
0.112597 2
0.139008 2
0.750172 0
0.750172 0
0.492188 2
0.398672 2
0.171615 0
0.171615 0
0.091203 2
0.139008 0
0.091203 0
0.073875 0
0.082083 2
0.171615 0
0.091203 2
0.211871 0
0.171615 0
0.101337 0
0.073875 0
0.025759 0
0.031801 0
0.028621 3
0.025759 0
0.007275 2
0.016900 0
0.013689 0
0.005893 0
0.003132 2
0.002537 2
0.002537 0
0.833525 0
0.675155 1
0.750172 1
0.833525 0
0.442969 1
0.492188 1
0.546876 0
0.492188 3
0.442969 3
0.398672 3
0.358805 3
0.322925 3
0.290632 3
0.125108 1
0.139008 1
0.154454 2
0.675155 0
0.546876 1
0.607640 1
0.675155 0
0.607640 3
0.546876 3
0.492188 3
0.442969 3
0.154454 0
0.125108 1
0.139008 1
0.154454 0
0.139008 3
0.125108 3
0.112597 3
0.101337 3
0.125108 0
0.112597 3
0.101337 3
0.066487 0
0.082083 1
0.091203 1
0.101337 2
0.154454 0
0.139008 3
0.125108 3
0.112597 3
0.101337 3
0.053855 2
0.048469 3
0.043622 3
0.190684 0
0.154454 0
0.066487 1
0.073875 1
0.082083 1
0.091203 0
0.082083 3
0.066487 0
0.023183 0
0.028621 0
0.023183 0
0.008083 2
0.015210 0
0.012320 0
0.004296 2
0.002283 1
0.002537 1
0.002818 2
0.005303 0
0.004773 3
0.004296 3
0.003866 3
0.003480 3
0.003132 3
0.002818 3
0.002537 3
0.002283 3
0.607640 0
0.750172 0
0.492188 2
0.398672 0
0.261569 0
0.171615 2
0.492188 0
0.607640 0
0.492188 0
0.154454 1
0.171615 2
0.139008 0
0.112597 0
0.091203 0
0.053855 2
0.112597 1
0.125108 1
0.139008 0
0.112597 0
0.059839 2
0.171615 0
0.073875 0
0.008981 2
0.013689 0
0.004773 2
0.003132 2
0.004773 0
0.003132 0
0.002537 0
0.002055 0
0.442969 1
0.492188 1
0.546876 0
0.675155 0
0.607640 3
0.546876 3
0.290632 1
0.322925 1
0.358805 0
0.322925 3
0.290632 3
0.261569 3
0.235412 3
0.154454 2
0.190684 2
0.358805 1
0.398672 1
0.442969 0
0.546876 0
0.492188 3
0.442969 0
0.235412 2
0.190684 2
0.101337 1
0.112597 1
0.125108 0
0.112597 3
0.101337 0
0.082083 2
0.043622 2
0.082083 0
0.073875 3
0.066487 3
0.059839 3
0.053855 3
0.101337 0
0.125108 0
0.101337 0
0.091203 3
0.082083 3
0.073875 3
0.066487 3
0.125108 1
0.139008 1
0.154454 0
0.139008 3
0.125108 3
0.112597 3
0.101337 3
0.053855 1
0.059839 1
0.066487 0
0.023183 2
0.012320 1
0.013689 1
0.015210 2
0.012320 2
0.009979 2
0.012320 0
0.006547 2
0.005303 2
0.004773 3
0.004296 3
0.003866 3
0.003480 3
0.003866 1
0.004296 0
0.003866 3
0.003480 3
0.002818 0
0.002537 3
0.002283 3
0.002055 3
0.001849 3
0.398672 0
0.546876 0
0.322925 0
0.211871 0
0.171615 2
0.211871 2
0.398672 0
0.398672 0
0.261569 2
0.211871 2
0.112597 2
0.091203 2
0.048469 2
0.073875 0
0.091203 0
0.091203 0
0.059839 0
0.139008 0
0.101337 0
0.059839 0
0.025759 2
0.016900 2
0.013689 2
0.011088 2
0.011088 0
0.007275 2
0.005893 2
0.003866 0
0.002055 0
0.358805 0
0.028621 1
0.031801 1
0.035334 2
0.043622 1
0.048469 1
0.053855 2
0.290632 0
0.261569 3
0.235412 3
0.190684 0
0.171615 1
0.190684 1
0.211871 1
0.235412 1
0.261569 1
0.290632 1
0.322925 1
0.358805 0
0.322925 3
0.290632 1
0.322925 1
0.358805 0
0.322925 3
0.290632 3
0.261569 3
0.235412 3
0.211871 3
0.190684 3
0.171615 3
0.154454 3
0.139008 3
0.125108 3
0.112597 3
0.101337 3
0.053855 1
0.059839 1
0.066487 0
0.035334 2
0.043622 2
0.082083 0
0.066487 1
0.073875 1
0.082083 0
0.043622 1
0.048469 1
0.053855 2
0.059839 1
0.066487 2
0.125108 0
0.112597 3
0.101337 3
0.035334 1
0.039260 1
0.043622 1
0.048469 1
0.053855 0
0.028621 2
0.023183 2
0.020864 3
0.018778 3
0.016900 3
0.015210 3
0.013689 3
0.012320 3
0.011088 3
0.009979 0
0.008981 3
0.008083 3
0.007275 3
0.006547 3
0.002283 1
0.002537 1
0.002818 1
0.003132 1
0.003480 0
0.001213 1
0.001348 1
0.001498 1
0.001664 1
0.001849 0
0.001664 3
0.001498 3
0.322925 0
0.290632 3
0.039260 2
0.048469 2
0.059839 2
0.211871 0
0.322925 0
0.261569 0
0.261569 0
0.112597 0
0.059839 0
0.039260 2
0.048469 2
0.073875 0
0.059839 2
0.073875 2
0.112597 0
0.039260 0
0.048469 0
0.031801 2
0.025759 2
0.011088 0
0.008981 0
0.006547 0
0.003132 2
0.001348 0
0.001664 0
0.001348 0
0.290632 0
0.035334 1
0.039260 1
0.043622 1
0.048469 1
0.053855 1
0.059839 1
0.066487 1
0.073875 1
0.082083 1
0.091203 1
0.101337 1
0.112597 1
0.125108 1
0.139008 1
0.154454 1
0.171615 1
0.190684 0
0.235412 1
0.261569 1
0.290632 0
0.235412 0
0.211871 3
0.190684 3
0.211871 1
0.235412 0
0.211871 3
0.190684 3
0.043622 2
0.082083 1
0.091203 1
0.101337 0
0.091203 3
0.082083 3
0.073875 3
0.066487 3
0.059839 3
0.053855 0
0.048469 3
0.043622 3
0.048469 1
0.053855 1
0.059839 1
0.066487 0
0.015210 1
0.016900 1
0.018778 2
0.053855 1
0.059839 1
0.066487 1
0.073875 1
0.082083 1
0.091203 1
0.101337 0
0.091203 3
0.082083 3
0.028621 1
0.031801 1
0.035334 0
0.043622 0
0.039260 3
0.035334 3
0.031801 3
0.028621 3
0.009979 1
0.011088 1
0.012320 2
0.011088 3
0.009979 0
0.008083 0
0.007275 3
0.006547 3
0.005893 0
0.005303 3
0.004296 2
0.003866 3
0.003480 3
0.003132 2
0.002818 3
0.001498 2
0.001348 3
0.001213 0
0.001498 0
0.001213 0
0.261569 0
0.059839 0
0.211871 0
0.261569 0
0.211871 0
0.048469 2
0.073875 0
0.091203 0
0.053855 0
0.043622 0
0.059839 0
0.020864 2
0.059839 0
0.091203 0
0.031801 0
0.039260 0
0.031801 0
0.013689 2
0.009979 2
0.004773 2
0.003480 2
0.001664 2
0.001092 0
0.235412 0
0.211871 3
0.190684 3
0.035334 1
0.039260 1
0.043622 1
0.048469 1
0.053855 0
0.035334 1
0.039260 1
0.043622 2
0.066487 1
0.073875 1
0.082083 1
0.091203 1
0.101337 2
0.190684 0
0.235412 0
0.190684 0
0.171615 3
0.154454 3
0.023183 2
0.043622 1
0.048469 1
0.053855 1
0.059839 1
0.066487 0
0.082083 0
0.035334 1
0.039260 1
0.043622 1
0.048469 0
0.043622 3
0.039260 3
0.035334 3
0.039260 1
0.043622 1
0.048469 1
0.053855 0
0.018778 1
0.020864 1
0.023183 2
0.043622 1
0.048469 1
0.053855 0
0.043622 2
0.082083 0
0.073875 3
0.066487 3
0.035334 2
0.028621 2
0.031801 1
0.035334 0
0.031801 3
0.028621 3
0.025759 3
0.023183 3
0.020864 3
0.018778 3
0.016900 3
0.015210 3
0.013689 3
0.012320 3
0.011088 3
0.009979 3
0.008981 3
0.008083 3
0.007275 3
0.006547 3
0.005893 3
0.005303 3
0.004773 3
0.004296 3
0.003866 3
0.003480 3
0.001849 2
0.001664 3
0.001498 3
0.001348 3
0.001213 3
0.001092 3
0.000983 0
0.211871 0
0.048469 2
0.059839 0
0.073875 0
0.112597 2
0.171615 0
0.171615 0
0.139008 0
0.025759 2
0.039260 0
0.048469 0
0.059839 0
0.031801 0
0.039260 0
0.039260 0
0.048469 0
0.043622 3
0.025759 2
0.039260 0
0.048469 0
0.048469 2
0.073875 0
0.039260 2
0.031801 2
0.031801 0
0.025759 0
0.016900 0
0.013689 0
0.011088 0
0.008981 0
0.007275 0
0.003866 0
0.002055 2
0.001664 2
0.001092 0
0.000884 0
0.190684 0
0.171615 3
0.154454 3
0.139008 3
0.125108 3
0.112597 3
0.101337 3
0.091203 3
0.082083 3
0.073875 3
0.066487 3
0.059839 3
0.053855 3
0.048469 1
0.053855 0
0.066487 0
0.125108 1
0.139008 1
0.154454 0
0.139008 3
0.125108 1
0.139008 1
0.154454 0
0.125108 0
0.028621 1
0.031801 1
0.035334 0
0.043622 1
0.048469 1
0.053855 0
0.023183 1
0.025759 1
0.028621 0
0.035334 0
0.035334 0
0.018778 2
0.035334 1
0.039260 1
0.043622 0
0.023183 1
0.025759 1
0.028621 1
0.031801 1
0.035334 1
0.039260 1
0.043622 1
0.048469 1
0.053855 1
0.059839 1
0.066487 0
0.059839 3
0.053855 3
0.048469 3
0.043622 3
0.039260 3
0.035334 3
0.031801 3
0.028621 3
0.023183 0
0.020864 3
0.018778 3
0.015210 0
0.012320 0
0.009979 0
0.008083 0
0.006547 0
0.005893 3
0.005303 3
0.002818 2
0.003480 0
0.003132 3
0.002818 3
0.002537 3
0.002283 3
0.002055 3
0.001849 3
0.000983 0
0.000796 0
0.139008 0
0.112597 0
0.073875 0
0.048469 0
0.112597 0
0.112597 0
0.025759 0
0.031801 0
0.005303 2
0.020864 2
0.031801 0
0.039260 0
0.031801 0
0.039260 0
0.048469 0
0.031801 0
0.025759 0
0.020864 0
0.016900 0
0.015210 3
0.011088 0
0.008981 0
0.004773 0
0.003132 2
0.002055 0
0.000716 0
0.101337 1
0.112597 1
0.125108 0
0.101337 0
0.091203 3
0.082083 3
0.066487 0
0.035334 1
0.039260 1
0.043622 0
0.039260 1
0.043622 1
0.048469 1
0.053855 2
0.101337 0
0.091203 3
0.082083 1
0.091203 1
0.101337 0
0.015210 1
0.016900 1
0.018778 1
0.020864 1
0.023183 0
0.025759 1
0.028621 0
0.025759 3
0.023183 3
0.020864 3
0.018778 3
0.016900 3
0.015210 3
0.005303 2
0.006547 2
0.005893 3
0.005303 3
0.023183 1
0.025759 1
0.028621 0
0.035334 0
0.031801 3
0.028621 3
0.025759 3
0.023183 1
0.025759 1
0.028621 0
0.035334 0
0.031801 3
0.028621 3
0.035334 1
0.039260 1
0.043622 0
0.039260 3
0.035334 3
0.028621 0
0.023183 0
0.018778 0
0.015210 0
0.008083 1
0.008981 1
0.009979 0
0.008083 0
0.002818 1
0.003132 1
0.003480 1
0.003866 1
0.004296 0
0.003866 3
0.003480 3
0.003132 3
0.002818 3
0.001498 1
0.001664 1
0.001849 0
0.001664 3
0.001498 3
0.000522 1
0.000580 1
0.000645 0
0.091203 0
0.091203 0
0.073875 0
0.066487 3
0.059839 0
0.031801 0
0.039260 0
0.059839 2
0.091203 0
0.073875 0
0.091203 0
0.016900 0
0.020864 0
0.025759 0
0.016900 0
0.005893 2
0.007275 2
0.031801 0
0.025759 0
0.020864 0
0.025759 1
0.028621 1
0.031801 0
0.025759 0
0.039260 0
0.031801 0
0.025759 0
0.020864 0
0.013689 0
0.007275 0
0.002537 0
0.003866 0
0.001348 0
0.001348 0
0.000580 0
0.082083 0
0.066487 1
0.073875 1
0.082083 0
0.066487 0
0.053855 0
0.028621 0
0.035334 0
0.053855 1
0.059839 1
0.066487 1
0.073875 1
0.082083 0
0.066487 0
0.082083 0
0.012320 1
0.013689 1
0.015210 0
0.018778 0
0.023183 0
0.008083 2
0.015210 0
0.013689 3
0.012320 3
0.006547 2
0.007275 1
0.008083 1
0.008981 1
0.009979 2
0.018778 1
0.020864 1
0.023183 1
0.025759 1
0.028621 0
0.023183 0
0.018778 0
0.023183 0
0.028621 0
0.023183 0
0.028621 1
0.031801 1
0.035334 0
0.028621 0
0.023183 0
0.018778 0
0.009979 2
0.011088 1
0.012320 0
0.004296 1
0.004773 1
0.005303 1
0.005893 1
0.006547 0
0.002283 0
0.002055 3
0.001849 2
0.003480 0
0.000796 1
0.000884 1
0.000983 1
0.001092 1
0.001213 0
0.000983 1
0.001092 1
0.001213 0
0.000423 1
0.000470 1
0.000522 0
0.059839 0
0.073875 0
0.048469 0
0.048469 0
0.073875 0
0.011088 0
0.013689 0
0.012320 3
0.020864 0
0.008981 2
0.013689 0
0.007275 2
0.008981 2
0.011088 2
0.020864 0
0.016900 0
0.020864 0
0.020864 0
0.025759 0
0.020864 0
0.011088 2
0.011088 0
0.003866 0
0.004773 0
0.002055 0
0.002055 2
0.003132 0
0.001092 0
0.001092 0
0.000381 0
0.043622 1
0.048469 1
0.053855 0
0.066487 0
0.035334 2
0.043622 0
0.028621 1
0.031801 1
0.035334 1
0.039260 1
0.043622 0
0.053855 1
0.059839 1
0.066487 0
0.059839 3
0.053855 3
0.018778 2
0.009979 0
0.012320 0
0.015210 1
0.016900 1
0.018778 0
0.009979 1
0.011088 1
0.012320 0
0.011088 3
0.009979 3
0.008083 1
0.008981 1
0.009979 1
0.011088 1
0.012320 1
0.013689 1
0.015210 1
0.016900 1
0.018778 0
0.009979 1
0.011088 1
0.012320 1
0.013689 1
0.015210 0
0.016900 1
0.018778 0
0.016900 3
0.015210 3
0.018778 0
0.020864 1
0.023183 0
0.020864 3
0.018778 3
0.015210 1
0.016900 1
0.018778 0
0.016900 3
0.015210 3
0.013689 3
0.012320 3
0.009979 0
0.003480 0
0.004296 0
0.001498 1
0.001664 1
0.001849 0
0.002055 1
0.002283 1
0.002537 1
0.002818 0
0.002537 3
0.002283 3
0.002055 3
0.001849 3
0.000983 0
0.000796 1
0.000884 1
0.000983 0
0.000343 0
0.000308 3
0.000278 3
0.039260 0
0.048469 0
0.053855 1
0.059839 0
0.039260 2
0.025759 0
0.031801 0
0.039260 0
0.059839 0
0.020864 2
0.013689 0
0.016900 0
0.011088 0
0.008981 0
0.007275 0
0.008981 0
0.013689 0
0.016900 0
0.011088 0
0.013689 0
0.013689 0
0.018778 0
0.016900 0
0.013689 0
0.011088 0
0.003132 0
0.003866 0
0.002055 0
0.002537 0
0.002055 0
0.000645 1
0.000716 0
0.000308 0
0.000250 0
0.035334 0
0.043622 0
0.053855 0
0.048469 3
0.043622 3
0.018778 1
0.020864 1
0.023183 1
0.025759 1
0.028621 0
0.035334 1
0.039260 1
0.043622 1
0.048469 1
0.053855 0
0.048469 3
0.043622 3
0.023183 2
0.020864 3
0.018778 3
0.009979 1
0.011088 1
0.012320 0
0.013689 1
0.015210 0
0.003480 2
0.009979 0
0.008083 0
0.007275 3
0.006547 3
0.007275 1
0.008083 0
0.007275 3
0.006547 3
0.012320 0
0.015210 0
0.008083 1
0.008981 1
0.009979 0
0.012320 0
0.011088 3
0.009979 3
0.012320 0
0.011088 3
0.009979 3
0.012320 1
0.013689 1
0.015210 0
0.008083 1
0.008981 1
0.009979 1
0.011088 1
0.012320 0
0.011088 3
0.009979 0
0.008981 3
0.008083 3
0.002818 0
0.003480 0
0.003132 3
0.002818 3
0.001498 1
0.001664 1
0.001849 0
0.002283 0
0.002055 3
0.001849 3
0.001664 3
0.001498 3
0.001348 3
0.001213 3
0.000645 0
0.000580 3
0.000522 3
0.000278 0
0.000225 0
0.031801 0
0.035334 1
0.039260 0
0.020864 0
0.031801 0
0.048469 0
0.025759 2
0.013689 0
0.003866 2
0.007275 0
0.005893 0
0.007275 0
0.013689 0
0.008981 0
0.011088 0
0.008981 0
0.008981 0
0.007275 0
0.008981 0
0.005303 2
0.002818 1
0.003132 0
0.001664 0
0.001664 0
0.001348 0
0.000580 0
0.000470 0
0.000308 2
0.000202 0
0.028621 0
0.035334 0
0.009979 1
0.011088 1
0.012320 1
0.013689 1
0.015210 1
0.016900 1
0.018778 0
0.023183 1
0.025759 1
0.028621 0
0.035334 1
0.039260 1
0.043622 0
0.039260 3
0.035334 3
0.031801 3
0.028621 3
0.025759 3
0.023183 3
0.020864 3
0.018778 3
0.006547 2
0.012320 0
0.004296 1
0.004773 1
0.005303 1
0.005893 1
0.006547 0
0.005303 0
0.006547 0
0.005893 3
0.005303 3
0.009979 1
0.011088 1
0.012320 0
0.011088 3
0.009979 3
0.008083 0
0.008981 1
0.009979 0
0.008981 3
0.008083 0
0.006547 1
0.007275 1
0.008083 0
0.004296 1
0.004773 1
0.005303 1
0.005893 1
0.006547 0
0.003480 1
0.003866 1
0.004296 2
0.008083 0
0.007275 3
0.006547 3
0.005893 3
0.005303 3
0.002818 0
0.000983 1
0.001092 1
0.001213 1
0.001348 1
0.001498 0
0.000983 2
0.001498 0
0.001213 0
0.001092 3
0.000983 3
0.000522 0
0.000423 0
0.000343 2
0.000182 0
0.031801 0
0.012320 0
0.016900 0
0.020864 0
0.025759 0
0.039260 0
0.031801 0
0.025759 0
0.016900 0
0.007275 2
0.004296 2
0.004773 0
0.004773 0
0.005893 0
0.008981 0
0.008981 0
0.003866 0
0.004773 0
0.005893 0
0.004773 2
0.007275 0
0.004773 0
0.002537 0
0.000884 0
0.001092 0
0.001348 0
0.001213 3
0.001092 3
0.001092 0
0.000884 0
0.000381 2
0.000164 0
0.023183 1
0.025759 1
0.028621 0
0.025759 3
0.023183 3
0.012320 2
0.011088 0
0.012320 1
0.013689 1
0.015210 0
0.016900 1
0.018778 0
0.023183 0
0.028621 1
0.031801 1
0.035334 0
0.028621 0
0.023183 0
0.012320 1
0.013689 1
0.015210 0
0.008083 2
0.004296 1
0.004773 1
0.005303 2
0.004296 0
0.003480 1
0.003866 1
0.004296 0
0.004773 1
0.005303 0
0.004773 3
0.004296 3
0.003866 3
0.003480 2
0.006547 1
0.007275 1
0.008083 0
0.000796 2
0.008083 0
0.001213 2
0.001498 2
0.002818 1
0.003132 1
0.003480 0
0.004296 0
0.005303 0
0.004773 3
0.004296 1
0.004773 1
0.005303 1
0.005893 1
0.006547 0
0.005893 3
0.005303 3
0.004773 3
0.004296 0
0.002283 0
0.000796 0
0.000983 1
0.001092 1
0.001213 0
0.000983 0
0.000884 3
0.000796 1
0.000884 1
0.000983 0
0.000884 3
0.000796 3
0.000716 3
0.000645 3
0.000580 3
0.000522 3
0.000470 3
0.000423 3
0.000148 0
0.025759 0
0.013689 2
0.015210 2
0.025759 0
0.031801 0
0.025759 0
0.023183 3
0.020864 0
0.013689 2
0.008981 2
0.005893 2
0.003866 0
0.003866 0
0.003866 2
0.005893 0
0.007275 0
0.000884 2
0.001348 2
0.001664 2
0.002537 0
0.003132 0
0.003866 0
0.005893 0
0.003866 0
0.000716 0
0.000884 0
0.000470 0
0.000133 0
0.018778 1
0.020864 1
0.023183 0
0.020864 3
0.018778 3
0.016900 3
0.015210 3
0.009979 1
0.011088 1
0.012320 1
0.013689 1
0.015210 1
0.016900 1
0.018778 1
0.020864 1
0.023183 0
0.028621 0
0.023183 0
0.018778 0
0.016900 3
0.015210 3
0.013689 3
0.012320 3
0.011088 3
0.009979 3
0.008981 3
0.008083 3
0.007275 3
0.006547 3
0.005893 3
0.005303 3
0.004773 3
0.004296 3
0.003866 3
0.003480 0
0.003132 3
0.002818 3
0.003480 0
0.004296 1
0.004773 1
0.005303 0
0.006547 0
0.000983 1
0.001092 1
0.001213 1
0.001348 1
0.001498 1
0.001664 1
0.001849 1
0.002055 1
0.002283 0
0.002818 1
0.003132 1
0.003480 0
0.002818 1
0.003132 1
0.003480 1
0.003866 1
0.004296 1
0.004773 1
0.005303 0
0.004773 3
0.004296 3
0.003480 0
0.003132 3
0.002818 3
0.000278 1
0.000308 1
0.000343 1
0.000381 1
0.000423 1
0.000470 1
0.000522 1
0.000580 1
0.000645 0
0.000796 0
0.000716 3
0.000645 3
0.000343 1
0.000381 1
0.000423 0
0.000381 3
0.000343 3
0.000119 0
